0.00
0.38
2.62
3.42
0.15
1.55
3.93
0.95
11.00
1.00
3.73
4.85
0.03
1.68
0.70
1.00
0.08
0.92
0.35
0.98
0.03
1.20
2.52
2.32
0.05
0.27
3.68
1.88
0.10
0.03
1.65
1.17
0.10
1.17
0.03
0.98
0.00
0.82
1.02
0.03
0.13
0.47
0.02
1.00
3.37
0.18
0.45
0.08
2.25
0.02
1.00
0.05
0.12
0.48
0.22
0.08
0.03
0.05
0.10
0.08
0.10
0.02
0.07
0.07
0.02
0.08
0.02
0.12
0.20
0.03
0.25
0.03
0.27
0.08
0.08
0.50
0.17
0.05
0.03
1.10
0.13
0.02
0.02
0.07
0.42
0.32
0.18
0.50
0.00
0.03
0.63
0.22
0.08
0.02
0.52
0.33
0.03
0.05
0.25
0.05
0.30
0.07
0.22
0.88
4.98
0.22
0.28
0.25
0.33
0.08
0.03
0.37
2.07
0.92
0.10
0.85
0.10
1.02
0.17
1.83
0.72
3.83
3.22
4.58
3.37
2.22
0.10
5.08
2.10
0.77
0.05
0.03
1.43
1.38
0.72
0.12
1.32
0.73
0.12
0.02
0.70
0.55
0.07
0.25
0.18
0.65
0.17
0.23
0.35
0.15
